0,39327,66858,80466,62646,42759,41642,21045,43251,55090,61259,57066,21585,76230,83880,108738,67313,162533,121052,118179,139999,100191,70877,124249,104605,83576,120622,104366,101485,144796,125214,139899,97474,133540,131250,137003,165725,149359,143306,168935,197891,121518,114693,185917,331807,283125,353101,308061,337639,340410,297615,269372,303739,369994,333960,371526,399974,427470,418443,407645,410541,420505,446056,428354,349577,422557,421212,376559,268971,222696,187315,399085,328734,422091,393280,405358,332334,357101,420804,326566,397713,354422,275907,301515,391664,349091,217856,285632,306873,248002,263384,217818,202926,303505,337597,235178,249776,136053,141625,235803,120534,193774,170677,140443,158788,153164,173467,157604,170210,172204,194377,143366,285289,214700,331878,267786,238881,224094,219010,280951,234064,246282,288690,232347,254095,299481,214843,237689,314016,265072,190759,266573,205838,190449,310009,312256,152513,163072,178111,134213,221280,224609,196113,205784,170484,166352,181541,223998,376724,358283,388090,352935,386377
39327,0,94508,108117,105046,77993,32314,25093,25450,37289,43459,63856,42584,58429,44553,90937,27987,151252,95438,78852,114252,82391,53077,98502,65278,65776,102821,78620,62158,133514,107414,122098,79674,115740,113449,119203,147924,131559,125506,151135,180091,103718,96893,168116,299898,251215,321192,276152,305730,308501,265705,237463,271830,338084,302051,339616,368064,395561,392696,381898,384794,394759,420309,396445,331776,390647,389303,344650,251171,204896,169515,367175,310934,390182,361370,379611,300425,325191,395057,300820,371966,328675,250160,275768,386563,317181,192109,253722,274963,222255,231475,198410,184223,271596,305688,215770,224030,110306,115878,196476,94787,168027,144930,114696,133041,141882,147720,131857,144464,146457,168630,117619,259542,188953,306131,242040,213135,198347,193264,255205,208317,220535,262943,206600,228349,273735,189096,211943,288270,239326,165013,240827,180091,164702,284262,286510,113187,123745,138785,94887,181953,185282,156786,166457,131157,127025,142215,184672,350978,332536,362343,327188,360631
66858,94508,0,15060,23967,30194,96779,69371,90445,59003,72297,74488,53165,87268,139017,155932,122450,209727,168246,173316,187192,147385,118071,171443,159742,130770,167816,151560,156621,191990,136252,150937,108512,144578,178444,148041,176763,59985,154344,179973,208929,132556,125731,196954,342845,294163,364139,319099,348677,351448,308653,280410,314777,381032,344998,382563,411012,438508,446408,435610,438507,448471,474021,439392,360615,433595,432250,387597,280009,233734,198353,410122,339772,433129,404318,433324,343372,368138,448770,373760,425678,382388,323101,348709,402702,360129,265050,296670,317911,295196,274422,228856,213964,314543,348635,246216,296970,183247,188819,281352,167728,240968,217871,187637,205982,200358,220661,204798,217404,219398,241571,190560,332483,261894,379072,314980,286075,271288,266204,328145,281258,293476,335884,279541,301289,346675,262037,284883,361210,312266,237953,313767,253032,237643,357203,359450,207650,218208,233248,189350,266829,270159,236931,251333,225621,221489,220411,269548,423918,405477,435284,400129,433571
80466,108117,15060,0,33283,43803,110387,82979,104053,72611,85906,88097,66773,100876,152625,169540,136058,223336,181854,186924,200801,160994,131680,185051,173350,144379,181424,165169,170230,205599,149861,164545,122120,158186,192052,161650,190371,54736,167952,193581,222538,146164,139340,210563,356454,307771,377747,332708,362286,365057,322261,294019,328386,394640,358607,396172,424620,452117,460016,449219,452115,462079,487630,453001,374223,447203,445859,401206,293618,247343,211961,423731,353381,446738,417926,446932,356981,381747,462378,387369,439287,395996,336709,362317,416310,373737,278658,310278,331519,308804,288031,242464,227572,328151,362244,259824,310579,196856,202427,294961,181336,254576,231480,201245,219590,213966,234269,218406,231013,233006,255179,204169,346092,275503,392680,328589,299684,284896,279813,341754,294866,307084,349492,293149,314898,360284,275645,298492,374819,325875,251562,327376,266640,251251,370812,373059,221258,231817,246856,202958,280438,283767,250539,264942,239229,235097,234019,283156,437527,419085,448893,413738,447180
62646,105046,23967,33283,0,30495,107317,79909,100983,69541,82836,85027,63703,97806,149555,166470,132988,220266,178784,183854,197731,157923,128610,181981,170280,141309,178354,162099,167160,202528,146790,161475,119050,155116,188982,158580,187301,170935,164882,190511,219468,143094,136270,207493,353383,304701,374677,329638,359215,361987,319191,290948,325316,391570,355537,393102,421550,449046,456946,446149,449045,459009,484560,449931,371153,444133,442788,398135,290548,244273,208891,420661,350311,443667,414856,443862,353911,378677,459308,384299,436216,392926,333639,359247,413240,370667,275588,307208,328449,305734,284961,239394,224502,325081,359174,256754,307509,193786,199357,291890,178266,251506,228409,198175,216520,210896,231199,215336,227943,229936,252109,201098,343021,272432,389610,325519,296614,281826,276743,338684,291796,304014,346422,290079,311828,357214,272575,295422,371749,322805,248492,324306,263570,248181,367741,369989,218188,228747,243786,199888,277367,280697,247469,261872,236159,232027,230949,280086,434457,416015,445823,410668,444110
42759,77993,30194,43803,30495,0,80263,52855,73929,42487,55782,57973,36649,70752,122501,139416,105934,193212,151730,156800,170677,130870,101556,154927,143226,114255,151300,135045,140106,175475,119737,134421,91997,128063,161928,131526,160247,143881,137828,163457,192414,116040,109216,180439,326330,277647,347624,302584,332162,334933,292137,263895,298262,364516,328483,366048,394496,421993,429892,419095,421991,431955,457506,422877,344099,417079,415735,371082,263494,217219,181838,393607,323257,416614,387802,416808,326857,351623,432254,357245,409163,365872,306585,332193,386186,343613,248534,280154,301395,278680,257907,212340,197448,298028,332120,229700,280455,166732,172303,264837,151212,224452,201356,171121,189466,183842,204145,188282,200889,202882,225055,174045,315968,245379,362556,298465,269560,254772,249689,311630,264742,276960,319368,263025,284774,330160,245521,268368,344695,295751,221438,297252,236516,221127,340688,342935,191134,201693,216733,172834,250314,253643,220416,234818,209105,204973,203895,253032,407403,388961,418769,383614,417056
41642,32314,96779,110387,107317,80263,0,27408,41174,53013,59183,79580,44899,74153,76805,106661,60238,160457,118975,111104,146504,98115,68801,130754,97530,81500,118545,110871,94410,142720,123138,137822,95398,131464,129173,134927,163648,147283,141230,166859,195815,119442,112617,183840,329731,281048,351025,305985,335563,338334,295538,267296,301663,367917,331884,369449,397897,425394,424948,414150,417046,427011,452561,426278,347500,420481,419136,374483,266895,220620,185239,397008,326658,420015,391203,411863,330258,355024,427309,333071,404218,360927,282412,308020,418815,347014,224361,283556,304797,254507,261308,215741,200849,301429,335521,233102,256282,142558,148130,228728,127039,200279,177182,146948,165293,151087,179972,164109,176716,178709,200882,149871,291794,221205,338383,274291,245386,230599,225516,287456,240569,252787,295195,238852,260601,305986,221348,244195,320521,271577,197264,273078,212343,196954,316514,318762,145438,155997,171037,127138,214205,217534,189038,198709,163409,159277,174466,216924,383230,364788,394595,359440,392882
21045,25093,69371,82979,79909,52855,27408,0,26335,38174,44343,64741,17491,59314,69646,91822,53079,145618,104136,103945,123083,83275,53961,107333,90371,66661,103706,87451,87251,127880,108298,122983,80558,116624,114334,120088,148809,132443,126390,152019,180976,104602,97777,169001,314891,266209,336185,291145,320723,323494,280699,252456,286824,353078,317044,354610,383058,410554,401527,390729,393625,403590,429140,411439,332661,405641,404296,359643,252055,205780,170399,382169,311819,405175,376364,388442,315419,340185,403888,309651,380797,337506,258991,284599,374748,332175,200940,268716,289957,231086,246469,200902,186010,286589,320682,218262,232861,119137,124709,221569,103618,176858,153761,123527,141872,136248,156551,140688,153295,155288,177461,126450,268373,197784,314962,250871,221965,207178,202095,264036,217148,229366,271774,215431,237180,282566,197927,220774,297101,248157,173844,249657,188922,173533,293093,295341,138279,148838,163877,119979,207046,210375,172821,191550,156250,152118,156301,209764,359809,341367,371174,336019,369461
43251,25450,90445,104053,100983,73929,41174,26335,0,31450,33709,58017,38466,48680,70004,65487,53437,119283,77801,76649,96748,56940,27626,80998,90729,40326,77371,61116,87609,101545,97664,112349,69924,105990,87999,109453,138175,121809,102263,141385,170341,93968,87143,158367,280430,231748,301724,256684,286262,289033,246238,217995,252362,318617,282583,320149,348597,376093,375192,364394,367290,377255,402805,376977,322027,371180,369835,325182,241421,195146,159765,347708,301184,370714,341903,362107,280957,305724,377553,283316,354462,311171,232656,258264,340287,297714,174605,234255,255496,204751,212007,166441,152254,252128,286220,183801,206526,92802,98374,190907,77283,150523,127426,97192,115537,109913,130216,114353,126960,128953,151126,100115,242038,171449,288627,224536,195630,180843,175760,237701,190813,203031,245439,189096,210845,256231,171592,194439,270766,221822,147509,223323,162587,147198,266758,269006,138637,149195,164235,120337,176384,179714,146486,160888,112381,152476,129966,179103,333474,315032,344839,309684,343127
55090,37289,59003,72611,69541,42487,53013,38174,31450,0,13281,28170,21235,28252,81843,86166,65276,139961,98480,116142,126504,77619,48305,110755,102568,61005,98050,90872,99448,122224,77236,91921,49496,85562,108678,89026,117747,101381,95328,120957,149913,73540,66715,137939,283829,235147,305123,260083,289661,292432,249637,221394,255761,322016,285982,323548,351996,379492,387392,376595,379491,389455,415006,380376,301599,374579,373234,328581,220993,174718,139337,351107,280757,374113,345302,374308,284356,309123,389754,313072,366662,323372,262413,288021,343686,301113,204362,237654,258895,234507,215407,169840,154948,255527,289620,187200,236282,122559,128131,220664,107040,180279,157183,126949,145294,130592,159972,144110,156716,158710,180883,129872,271795,201206,318384,254292,225387,210600,205516,267457,220569,232788,275196,218853,240601,285987,201348,224195,300522,251578,177265,253079,192344,176955,296515,298762,150476,161034,176074,132176,206141,209470,176243,190645,142137,164315,159723,208860,363230,344788,374596,339441,372883
61259,43459,72297,85906,82836,55782,59183,44343,33709,13281,0,41464,34529,20195,88012,81405,71446,135201,93719,102490,121744,72859,43545,105994,108737,56244,93289,86112,105617,117464,69179,83864,41439,77505,103917,80969,109690,93324,87271,112900,141856,65483,58658,129882,275772,227090,297066,252026,281604,284375,241580,213337,247705,313959,277925,315491,343939,371435,379335,368538,371434,381398,406949,372320,293542,366522,365177,320524,212936,166661,131280,343050,272700,366056,337245,366251,276300,301066,381697,308312,358605,315315,257652,283260,335629,293056,199601,229597,250838,229747,207350,161783,146891,247470,281563,179143,231522,117798,123370,215903,102279,175519,152422,122188,140533,125831,155212,139349,151956,153949,176122,125111,267034,196445,313623,249532,220626,205839,200756,262696,215809,228027,270435,214092,235841,281227,196588,219435,295761,246817,172504,248318,187583,172194,291754,294002,156645,167204,182244,138345,201380,204710,171482,185884,137377,170484,154962,204099,358470,340028,369835,334680,368122
57066,63856,74488,88097,85027,57973,79580,64741,58017,28170,41464,0,36721,37476,108409,114348,91843,154350,126662,142709,154687,105802,76488,138937,129134,89187,126232,119055,126014,150407,64288,64855,36548,72614,99468,76078,104799,74315,82380,108009,136965,46474,53767,124991,270881,222199,292175,247135,276713,279484,236689,208446,242814,309068,273034,310600,339048,366544,374444,363647,366543,376507,402058,367429,288651,361631,360286,315633,208045,161770,126389,338159,267809,361165,332354,361360,271408,296175,376806,341255,353714,310424,290595,316203,330738,288165,225290,224706,245947,255436,202459,156892,142000,242579,276672,174252,264465,150742,156313,248847,135222,208462,185366,155131,173476,158774,188155,172292,184899,186892,209065,158055,299978,229389,346566,282475,253570,238782,233699,295640,248752,260970,303378,247035,268784,314170,229531,252378,328705,279761,205448,281262,220526,205137,324698,326945,177043,187601,202641,158743,234324,237653,204425,218828,170320,190881,187905,237042,391413,372971,402779,367624,401066
21585,42584,53165,66773,63703,36649,44899,17491,38466,21235,34529,36721,0,49500,87092,104007,70525,157803,116321,121391,135268,95460,66147,119518,107817,78846,115891,99636,104697,140065,98484,113169,70744,106810,126519,110274,138995,122629,116576,142205,171162,94788,87963,159187,305077,256395,326371,281331,310909,313680,270885,242642,277010,343264,307230,344796,373244,400740,413712,402914,405811,415775,441325,401625,322847,395827,394482,349829,242241,195966,160585,372355,302005,395361,366550,400627,305605,330371,416073,321836,392982,349691,271176,296784,364934,322361,213125,258902,280143,243271,236655,191088,176196,276775,310868,208448,245046,131323,136894,229428,115803,189043,165946,135712,154057,148433,168736,152873,165480,167473,189646,138636,280558,209969,327147,263056,234151,219363,214280,276221,229333,241551,283959,227616,249365,294751,210112,232959,309286,260342,186029,261843,201107,185718,305278,307526,155725,166284,181323,137425,214904,218234,185006,199409,173696,169564,168486,217623,371994,353552,383360,348205,381647
76230,58429,87268,100876,97806,70752,74153,59314,48680,28252,20195,37476,49500,0,102983,96376,86416,139046,108690,117461,136714,42060,22703,120964,123708,71214,108260,101082,120588,132434,48984,63669,21244,57310,84164,60774,89495,73129,67076,92705,121662,45288,38464,109687,255577,206895,276871,231831,261409,264180,221385,193142,227510,293764,257730,295296,323744,351240,359140,348343,351239,361203,386754,352125,273347,346327,344982,300329,192741,146467,111085,322855,252505,345861,317050,346056,256105,280871,361502,324915,338410,295120,272623,298230,315434,272861,209986,209402,230643,240132,187155,141588,126696,227275,261368,158948,246492,132769,138341,230874,117249,190489,167393,137159,155503,140802,170182,154320,166926,168919,191093,140082,282005,211416,328593,264502,235597,220810,215726,277667,230779,242997,285405,229063,250811,296197,211558,234405,310732,261788,187475,263289,202553,187165,306725,308972,171616,182174,197214,153316,216351,219680,186453,200855,152347,185455,169933,219070,375073,356631,386439,351284,384726
83880,44553,139017,152625,149555,122501,76805,69646,70004,81843,88012,108409,87092,102983,0,76633,21626,110975,55162,38576,73975,68087,68358,58226,48443,26593,79412,38343,34509,93238,151967,166652,124227,160293,99146,163757,192478,176112,113410,153269,188836,148271,141446,212670,259621,210939,280915,235875,265453,268224,225429,197186,231554,297808,261774,299340,327788,355284,352419,341622,344518,354482,380033,356169,365450,350371,349026,304373,259916,213641,178260,326899,389610,349905,321094,339335,260148,284915,354781,260543,331690,288399,209884,235492,346287,276905,151833,213446,234687,181979,191199,158133,143946,231319,265412,175493,183753,70030,75602,168135,54511,127751,104654,74420,92765,101606,107444,91581,104187,106181,128354,77343,219266,148677,265855,201763,172858,158071,152987,214928,168041,180259,222667,166324,188072,233458,148820,171666,247993,199049,124736,200550,139815,124426,243986,246233,85538,96096,111136,67238,153612,156942,123714,138116,89608,99377,107194,156331,310701,292260,322067,286912,320354
108738,90937,155932,169540,166470,139416,106661,91822,65487,86166,81405,114348,104007,96376,76633,0,94003,73486,32004,96287,88561,31193,44658,72811,120820,50041,31574,52929,117700,55748,104003,160044,117620,97791,55235,98018,129997,169505,69499,107072,144925,141664,100896,150189,234633,185951,255927,210887,240465,243236,200441,172198,206565,272820,236786,274352,302800,330296,338196,327399,330295,340259,365810,331180,340462,325383,324038,279385,216005,169730,134349,301911,275768,324917,296106,325112,235160,259927,340558,275062,317466,274176,224402,250010,294490,251917,146937,188458,209699,177083,166210,120644,106457,206331,240423,138004,198272,76409,90120,182721,69029,142269,119173,89005,107283,64116,122029,86685,99292,120699,123458,91929,233785,163263,280373,216282,187377,172589,167573,229447,182559,194777,237185,180842,202591,247977,163338,186185,262512,213568,139255,215069,154333,138945,258505,260752,113944,140298,155338,142862,168198,171527,138299,152702,104194,174401,121779,170916,325220,306778,336586,301431,334873
67313,27987,122450,136058,132988,105934,60238,53079,53437,65276,71446,91843,70525,86416,21626,94003,0,128324,72511,55925,91324,85436,81063,75574,42351,43941,96760,55692,39230,110587,135400,150085,107660,143726,116494,147190,175911,159545,130759,170617,208078,131704,124880,196103,276970,228287,298264,253224,282802,285573,242777,214535,248902,315156,279123,316688,345136,372633,369768,358971,361867,371831,397382,373517,382799,367720,366375,321722,279158,232883,197501,344247,406959,367254,338442,356684,277497,302263,372130,277892,349038,305748,227232,252840,363636,294253,169182,230795,252036,199327,208547,175482,161295,248668,282760,192842,201102,87379,92950,173548,71859,145099,122003,91769,110113,118954,124792,108930,121536,123529,145703,94692,236615,166026,283203,219112,190207,175419,170336,232277,185389,197607,240015,183672,205421,250807,166168,189015,265342,216398,142085,217899,157163,141775,261335,263582,90259,100817,115857,71959,159025,162355,133858,143529,108230,104098,119287,161744,328050,309608,339416,304261,337703
162533,151252,209727,223336,220266,193212,160457,145618,119283,139961,135201,154350,157803,139046,110975,73486,128324,0,64794,130608,112370,84989,98454,96621,155141,102474,41912,76738,152021,22415,109945,180543,125084,103732,104471,100489,135938,190004,83914,46341,147396,162163,106837,156130,165195,116513,186489,141449,171027,173798,131003,102760,137127,203381,167348,204913,233361,260858,268758,257960,260857,270821,296371,261742,271024,255945,254600,209947,218476,172201,136820,232472,295184,255479,226667,255673,165722,190488,271119,234533,248028,204737,193825,219433,225051,182478,119604,119020,140261,149750,96772,51205,37018,136893,170985,68566,176811,63695,69178,206530,92839,166079,142982,112815,131093,51402,145838,73971,71703,144509,71116,115738,257594,187072,304183,240091,211186,196399,191382,253256,206369,218587,260995,204652,226400,271786,187148,209994,286321,237377,163064,238878,178143,162754,264354,284561,137753,164107,179147,166672,192007,195336,162109,176511,128003,198211,145589,194726,284691,266249,296057,260902,294344
121052,95438,168246,181854,178784,151730,118975,104136,77801,98480,93719,126662,116321,108690,55162,32004,72511,64794,0,74795,56557,43507,56972,40807,99328,46661,33231,20925,96207,47057,116317,172358,129934,110105,67549,110332,142311,181819,81813,107088,157239,153978,113210,162503,225942,177259,247236,202196,231774,234545,191749,163507,197874,264128,228095,265660,294108,321605,334934,324137,327033,336997,362548,322489,331771,316692,315347,270694,228319,182044,146663,293219,355931,316226,287414,321850,226469,251235,337296,243058,314204,270914,192399,218007,285798,243225,134348,179767,201008,164493,157519,111952,97765,197640,231732,129313,166268,52545,58117,150717,37026,110265,87169,57002,75280,55425,90025,74096,86702,88696,110869,59925,201781,131259,248370,184278,155373,140586,135569,197443,150555,162774,205182,148839,170587,215973,131334,154181,230508,181564,107251,183065,122330,106941,226501,228748,81940,108294,123334,110858,136194,139523,106296,120698,72190,142398,89775,138913,293216,274774,304582,269427,302869
118179,78852,173316,186924,183854,156800,111104,103945,76649,116142,102490,142709,121391,117461,38576,96287,55925,130608,74795,0,93608,87720,87991,77858,59773,46225,99044,57976,31932,112870,166424,181109,138684,174750,118778,178213,206935,190569,133043,172901,208468,162728,155903,227127,279254,230571,300548,255508,285086,287857,245061,216819,251186,317440,281407,318972,347420,374917,372052,361254,364151,374115,399666,375801,385082,370004,368659,324006,279548,233273,197892,346531,409243,369538,340726,358968,279781,304547,374414,280176,351322,308032,229516,255124,365920,296537,171465,233079,254320,201611,210831,177766,163579,250952,285044,195126,203386,89663,95234,166250,74143,147383,124287,94052,112397,121238,127076,111213,123820,125813,147986,96976,238899,168310,285487,221396,192491,177703,172620,234561,187673,199891,242299,185956,207705,253091,168452,191299,267626,218682,144369,220183,159447,144058,263619,265866,82960,93519,108559,64660,151727,155056,126560,136231,100931,96799,111989,154446,330334,311892,341700,306545,339987
139999,114252,187192,200801,197731,170677,146504,123083,96748,126504,121744,154687,135268,136714,73975,88561,91324,112370,56557,93608,0,100064,107240,21351,118569,65474,80807,37472,83285,94633,185673,200358,157933,166662,124106,166889,198868,209818,138370,154664,213796,181977,175152,219060,261016,212334,282310,237270,266848,269619,226824,198581,232949,299203,263169,300735,329183,356679,353815,343017,345913,355878,381428,357564,366845,351766,350421,305768,284876,238601,203220,328294,391006,351300,322489,340730,261544,286310,356176,261938,333085,289794,211279,236887,347682,278300,153228,214841,236082,183374,192594,159528,145341,232714,266807,176888,185149,71425,76997,90384,55906,116944,106049,58769,94160,103001,71490,92976,105583,89111,129749,51364,161525,112723,267250,144022,115117,100330,117034,157187,110300,122518,224062,155518,130332,234853,150215,173062,249388,200444,126131,201945,141210,125821,245381,247628,27344,53698,68738,56263,75861,79190,50694,60365,17594,87802,26148,78580,312096,293655,323462,288307,321749
100191,82391,147385,160994,157923,130870,98115,83275,56940,77619,72859,105802,95460,42060,68087,31193,85436,84989,43507,87720,100064,0,21790,84283,112274,41494,43045,64400,109153,67220,85376,116626,64039,79164,36607,79391,111370,126086,50871,88444,126297,98245,81258,131562,246105,197422,267399,222359,251937,254708,211912,183670,218037,284291,248258,285823,314271,341768,349668,338870,341766,351731,377281,342652,351933,336855,335510,290857,197377,151102,115721,313382,257140,336389,307577,336583,246632,271398,352029,286534,328938,285647,235874,261482,305961,263388,158409,199930,221171,188555,177682,132115,117928,217803,251895,149475,209744,87880,101592,194192,80501,153741,130644,100477,118755,75588,133501,98157,110763,132171,134930,103400,245256,174734,291845,227754,198848,184061,179044,240919,194031,206249,248657,192314,214063,259449,174810,197657,273983,225039,150727,226540,165805,150416,269976,272224,125415,151769,166809,141882,179669,182999,149771,164173,115665,174021,133251,182388,336692,318250,348057,312902,346344
70877,53077,118071,131680,128610,101556,68801,53961,27626,48305,43545,76488,66147,22703,68358,44658,81063,98454,56972,87991,107240,21790,0,91516,118345,41766,56542,71633,115224,80716,72455,97301,44715,80781,49491,84244,112965,106761,63756,101328,145132,78920,61934,133157,259601,210919,280895,235855,265433,268204,225409,197166,231533,297788,261754,299319,327768,355264,363164,352366,355263,365227,390777,356148,296817,350351,349006,304353,216212,169937,134556,326878,275975,349885,321074,350080,260128,284894,365526,293833,342434,299144,243174,268782,319457,276885,185123,213426,234667,215268,191178,145612,131425,231299,265391,162972,217043,103320,108892,201425,87801,161040,137944,107710,126055,89084,140733,124871,137477,139471,161644,110633,252556,181967,299145,235053,206148,191361,186277,248218,201330,213549,255957,199614,221362,266748,182109,204956,281283,232339,158026,233840,173105,157716,277276,279523,132648,159002,174042,147953,186902,190231,157004,171406,122898,180092,140484,189621,343991,325549,355357,320202,353644
124249,98502,171443,185051,181981,154927,130754,107333,80998,110755,105994,138937,119518,120964,58226,72811,75574,96621,40807,77858,21351,84283,91516,0,102391,49725,65057,21723,99271,78883,169923,184608,142183,150912,108356,151139,183119,194068,122620,138914,198046,166227,159402,203310,245267,196584,266561,221521,251099,253870,211074,182832,217199,283453,247420,284985,313433,340930,338065,327267,330163,340128,365678,341814,351095,336016,334672,290019,269126,222851,187470,312544,375256,335551,306739,324980,245794,270560,340426,246189,317335,274044,195529,221137,331932,262550,137478,199091,220332,167624,176844,143779,129592,216965,251057,161139,169399,55675,61247,109773,40156,113396,90299,57799,78410,87251,90823,77226,89833,91826,113999,60722,204911,132056,251500,187409,158503,143716,136367,200574,153686,165904,208312,151969,173718,219104,134465,157312,233639,184695,110382,186196,125460,110071,229631,231879,46733,73087,88127,75652,95250,98579,70083,79754,36983,107191,45537,97969,296347,277905,307712,272557,306000
104605,65278,159742,173350,170280,143226,97530,90371,90729,102568,108737,129134,107817,123708,48443,120820,42351,155141,99328,59773,118569,112274,118345,102391,0,70758,123577,82509,43053,137403,172692,187377,144952,181018,143311,184482,213203,196837,157576,197434,245369,168996,162171,233395,303787,255104,325081,280041,309619,312390,269594,241352,275719,341973,305940,343505,371953,399450,396585,385787,388684,398648,424199,400334,409616,394537,393192,348539,316449,270174,234793,371064,433776,394071,365259,383501,304314,329080,398947,304709,375855,332565,254049,279657,390453,321070,195999,257612,278853,226144,235364,202299,188112,275485,309577,219659,227919,114196,119767,177371,98676,171916,148820,118586,136930,145771,151609,135747,148353,150346,172519,121509,263432,192843,310020,245929,217024,202236,197153,259094,212206,224424,266832,210489,232238,277624,192985,215832,292159,243215,168902,244716,183980,168592,288152,290399,94082,104640,119680,75782,162848,166178,137681,147352,112053,107921,123110,165567,354867,336425,366233,331078,364520
83576,65776,130770,144379,141309,114255,81500,66661,40326,61005,56244,89187,78846,71214,26593,50041,43941,102474,46661,46225,65474,41494,41766,49725,70758,0,61925,29868,67659,84762,120199,134883,92459,128525,72553,131988,160709,144344,86817,124390,162243,116503,109678,180901,251146,202463,272440,227400,256978,259749,216953,188711,223078,289332,253299,290864,319312,346809,343944,333146,336042,346007,371557,347693,356974,341895,340551,295898,233323,187048,151667,318423,293086,341430,312618,330859,251673,276439,346305,252068,323214,279923,201408,227016,337811,268429,143357,204970,226211,173503,182723,149657,135471,222844,256936,167018,175278,61554,67126,159659,46035,119275,96178,65944,84289,93130,98968,83105,95712,97705,119878,68867,210790,140201,257379,193288,164382,149595,144512,206453,159565,171783,214191,157848,179597,224983,140344,163191,239518,190574,116261,192074,131339,115950,235510,237758,90882,117237,132276,100387,145136,148466,115238,129640,81133,132526,98718,147855,302226,283784,313591,278436,311878
120622,102821,167816,181424,178354,151300,118545,103706,77371,98050,93289,126232,115891,108260,79412,31574,96760,41912,33231,99044,80807,43045,56542,65057,123577,61925,0,45175,120457,24174,115887,171928,129504,109675,67119,109902,141881,181389,81383,84205,156809,153548,112780,162073,203059,154377,224353,179313,208891,211662,168867,140624,174992,241246,205212,242778,271226,298722,306622,295825,298721,308685,334236,299607,308888,293809,292464,247811,227889,181614,146233,270337,333048,293343,264532,293538,203586,228353,308984,267308,285892,242602,216648,242256,262916,220343,115364,156884,178125,145509,134637,89070,74883,174757,208850,106430,190518,44835,50319,174966,61275,134515,111419,81251,99529,32542,114275,55112,67718,112945,91885,84174,226031,155508,272619,208528,179623,164835,159819,221693,174805,187023,229431,173088,194837,240223,155584,178431,254758,205814,131501,207315,146579,131190,250751,252998,106189,132544,147583,135108,160443,163773,130545,144947,96440,166647,114025,163162,317466,299024,328832,293677,327119
104366,78620,151560,165169,162099,135045,110871,87451,61116,90872,86112,119055,99636,101082,38343,52929,55692,76738,20925,57976,37472,64400,71633,21723,82509,29868,45175,0,79389,59001,150041,164725,122301,131030,88474,131257,163236,174186,102738,119032,178164,146345,139520,183428,225384,176702,246678,201638,231216,233987,191192,162949,197316,263571,227537,265103,293551,321047,318182,307385,310281,320245,345796,321931,331213,316134,314789,270136,249244,202969,167588,292662,355373,315668,286857,305098,225911,250678,320544,226306,297452,254162,175647,201255,312050,242668,117596,179209,200450,147741,156962,123896,109709,197082,231175,141256,149516,35793,41365,129792,20274,93514,70417,36077,58528,67368,69100,57344,69950,71944,94117,39000,185029,110334,231618,167526,138621,123834,114644,180691,133803,146022,188430,132087,153835,199221,114582,137429,213756,164812,90499,166313,105578,90189,209749,211996,62855,89209,104249,91774,115269,118598,85371,99773,53105,123313,68851,117988,276464,258022,287830,252675,286117
101485,62158,156621,170230,167160,140106,94410,87251,87609,99448,105617,126014,104697,120588,34509,117700,39230,152021,96207,31932,83285,109153,115224,99271,43053,67659,120457,79389,0,134283,169572,184256,141832,177898,140191,181361,210082,193717,154456,194314,242249,165876,159051,230274,300667,251984,321961,276921,306499,309270,266474,238232,272599,338853,302820,340385,368833,396330,393465,382667,385563,395528,421078,397214,406495,391416,390072,345419,313329,267054,231673,367944,430656,390951,362139,380380,301194,325960,395826,301589,372735,329444,250929,276537,387332,317950,192878,254492,275732,223024,232244,199179,184992,272365,306457,216539,224799,111076,116647,142087,95556,168796,145699,115465,133810,142651,133168,132626,145233,147226,169399,113042,223203,174401,306900,205700,176795,162008,178711,218865,171977,184196,263712,207369,192009,274504,189865,212712,289039,240095,165782,241596,180860,165471,285031,287279,58798,69356,84396,40498,127564,130894,102397,112068,76769,72637,87826,130283,351747,333305,363113,327957,361400
144796,133514,191990,205599,202528,175475,142720,127880,101545,122224,117464,150407,140065,132434,93238,55748,110587,22415,47057,112870,94633,67220,80716,78883,137403,84762,24174,59001,134283,0,128312,198911,143452,122100,91293,118857,154306,208371,102281,64709,165764,180530,125205,174498,183563,134880,204857,159817,189395,192166,149370,121128,155495,221749,185716,223281,251729,279226,287126,276328,279224,289189,314739,280110,289391,274312,272968,228315,236844,190569,155187,250840,313552,273847,245035,274041,184090,208856,289487,252901,266396,223105,230474,256082,243419,200846,111896,137388,158629,142042,115140,69573,55386,155261,189353,86933,204344,41368,46852,188793,75101,148341,125245,95077,113355,29075,128101,51644,64251,126771,88417,98001,239857,169335,286445,222354,193449,178661,173645,235519,188631,200849,243257,186914,208663,254049,169410,192257,268584,219640,145327,221141,160405,145017,264577,266824,120016,146370,161410,148934,174270,177599,144371,158774,110266,180473,127851,176988,303059,284617,314424,279269,312711
125214,107414,136252,149861,146790,119737,123138,108298,97664,77236,69179,64288,98484,48984,151967,104003,135400,109945,116317,166424,185673,85376,72455,169923,172692,120199,115887,150041,169572,128312,0,40992,35022,24160,55062,29571,29947,50452,37974,63604,92560,22611,17710,50139,226476,177793,247770,202730,232308,235079,192283,164041,198408,264662,228629,266194,294642,322139,330039,319241,322137,332102,357652,323023,244245,317225,315881,271228,163640,117365,81984,293753,223403,316760,287948,316954,227003,251769,332400,295814,309309,266018,255105,280713,286332,243759,180885,180301,201542,211030,158053,112486,97594,198174,232266,129846,238092,169592,175075,267034,153343,226583,203486,173319,191597,157299,206343,170495,161844,205013,194565,176242,318098,247576,346983,300596,271690,256903,251886,313760,266873,279091,303795,312404,286905,314587,247652,252795,329122,280178,223568,281679,238647,223258,325635,327362,220600,231159,246199,202300,252511,255841,222613,237015,188507,234439,206093,255230,345972,327530,357337,322182,355624
139899,122098,150937,164545,161475,134421,137822,122983,112349,91921,83864,64855,113169,63669,166652,160044,150085,180543,172358,181109,200358,116626,97301,184608,187377,134883,171928,164725,184256,198911,40992,0,62741,98807,125661,102271,68973,14985,108573,134202,163159,22446,79960,89165,297074,248392,318368,273328,302906,305677,262882,234639,269007,335261,299227,336793,365241,392737,400637,389840,392736,402700,428251,393622,314844,387824,386479,341826,234238,187963,152582,364352,294002,387358,358547,387553,297602,322368,402999,366412,379907,336617,336291,361899,356931,314358,251483,250899,272140,281629,228652,183085,168193,268772,302865,200445,310161,196438,202009,294543,180918,254158,231062,200827,219172,204471,233851,217988,230595,232588,265164,203751,345674,275085,392262,328171,299266,284478,279395,341336,294448,306666,349074,292731,314480,359866,275227,298074,374401,325457,251144,326958,266222,250834,396233,372641,235285,245843,260883,216985,280020,283349,250122,264524,216016,249124,233601,282738,416570,398128,427936,392781,426223
97474,79674,108512,122120,119050,91997,95398,80558,69924,49496,41439,36548,70744,21244,124227,117620,107660,125084,129934,138684,157933,64039,44715,142183,144952,92459,129504,122301,141832,143452,35022,62741,0,43348,70202,46812,75533,72202,53114,78743,107700,44361,24501,95725,241615,192933,262909,217869,247447,250218,207423,179180,213548,279802,243768,281334,309782,337278,345178,334381,337277,347241,372792,338163,259385,332365,331020,286367,178779,132504,97123,308893,238543,331899,303088,332094,242143,266909,347540,310953,324448,281158,270245,295853,301472,258899,196024,195440,216681,226170,173193,127626,112734,213313,247406,144986,253231,154013,159585,252118,138494,211734,188637,158403,176748,162046,191427,175564,188170,190164,209705,161326,303249,232660,349838,285746,256841,242054,236970,298911,252024,264242,306650,250307,272055,317441,232803,255649,331976,283032,208719,284533,223798,208409,340774,330216,192860,203419,218459,174560,237595,240925,207697,222099,173591,206699,191177,240314,361111,342669,372477,337322,370764
133540,115740,144578,158186,155116,128063,131464,116624,105990,85562,77505,72614,106810,57310,160293,97791,143726,103732,110105,174750,166662,79164,80781,150912,181018,128525,109675,131030,177898,122100,24160,98807,43348,0,48850,19149,50154,108268,31762,57391,75961,80427,25101,70346,220263,171581,241557,196517,226095,228866,186071,157828,192196,258450,222416,259982,288430,315926,323826,313029,315925,325889,351440,316811,227646,311013,309668,265015,147041,100766,65385,287541,206804,310547,281736,310742,220791,245557,326188,289601,303096,259806,248893,274501,280120,237547,174672,174088,195329,204818,151841,106274,91382,191961,226054,123634,231879,163379,168863,260822,147131,220371,197274,167107,185385,151086,200130,164282,155632,198801,188353,170030,311886,241364,340771,294383,265478,250691,245674,307548,260660,272879,297583,306192,280692,308374,241439,246583,322909,273965,217356,275466,232435,217046,319423,321149,192045,239485,254525,210626,246299,249628,216401,230803,182295,242765,199881,249018,339759,321317,351125,315970,349412
131250,113449,178444,192052,188982,161928,129173,114334,87999,108678,103917,99468,126519,84164,99146,55235,116494,104471,67549,118778,124106,36607,49491,108356,143311,72553,67119,88474,140191,91293,55062,125661,70202,48850,0,49077,81056,135121,20558,58130,95984,107280,51954,101248,221002,172320,242296,197256,226834,229605,186810,158567,192935,259189,223155,260721,289169,316665,324565,313768,316664,326628,352179,317550,247669,311752,310407,265754,167063,120788,85407,288280,226827,311286,282475,311481,221530,246296,326927,290340,303835,260545,259947,285555,280859,238286,175411,174827,196068,205557,152580,107013,92121,192700,226793,124373,233817,111954,125665,218265,104574,177814,154717,124550,142828,99661,157574,122230,134837,156244,159003,127473,269329,198807,315918,251827,222922,208134,203118,264992,218104,230322,272730,216387,238136,283522,198883,221730,298057,249113,174800,250614,189878,174489,294049,296297,149488,175843,190882,178407,203742,207072,173844,188246,139739,209946,157324,206461,340498,322056,351864,316709,350151
137003,119203,148041,161650,158580,131526,134927,120088,109453,89026,80969,76078,110274,60774,163757,98018,147190,100489,110332,178213,166889,79391,84244,151139,184482,131988,109902,131257,181361,118857,29571,102271,46812,19149,49077,0,55565,111731,28519,54148,59349,83890,28564,75757,217020,168338,238314,193274,222852,225623,182828,154585,188953,255207,219173,256739,285187,312683,320583,309786,312682,322646,348197,313568,211034,307770,243117,261772,130429,84154,48773,284298,190192,307304,278493,307499,217548,242314,322945,286358,299853,256563,245650,271258,276877,234304,171429,170845,192086,201575,148598,103031,88139,188718,222811,120391,228636,160136,165620,261049,147358,220598,197501,167334,174765,147843,200357,161039,152389,199028,185110,170257,312113,241591,337528,341123,265705,250918,245901,307775,260887,273106,294340,302949,280919,305131,241666,243340,319666,270722,217583,272223,254842,217273,316179,317906,192272,218626,233666,214090,246526,249855,216628,231030,182522,246229,200108,249245,336516,318074,347882,312727,346169
165725,147924,176763,190371,187301,160247,163648,148809,138175,117747,109690,104799,138995,89495,192478,129997,175911,135938,142311,206935,198868,111370,112965,183119,213203,160709,141881,163236,210082,154306,29947,68973,75533,50154,81056,55565,0,78433,63968,89597,118554,50592,57285,20181,252469,203787,273763,228724,258301,261073,218277,190034,224402,290656,254623,292188,320636,348132,356032,345235,348131,358095,383646,349017,270239,343219,341874,297221,189634,143359,107977,319747,249397,342754,313942,342948,252997,277763,358394,321807,335302,292012,281099,306707,312326,269753,206879,206294,227535,237024,184047,138480,123588,224167,258260,155840,264085,195585,201069,293028,179337,252577,229480,199313,217591,183292,232336,196488,187838,231007,220559,202236,344092,273570,372977,326589,297684,282897,277880,339754,292866,305085,329789,338398,312898,340580,273646,278789,355115,306171,249562,307672,264641,249252,351629,353356,224251,271669,286709,242811,278505,281834,248607,263009,214501,274950,232087,281224,371965,353524,383331,348176,381618
149359,131559,59985,54736,170935,143881,147283,132443,121809,101381,93324,74315,122629,73129,176112,169505,159545,190004,181819,190569,209818,126086,106761,194068,196837,144344,181389,174186,193717,208371,50452,14985,72202,108268,135121,111731,78433,0,118033,143663,172619,31906,89421,98625,306535,257852,327829,282789,312367,315138,272342,244100,278467,344721,308688,346253,374701,402198,410098,399300,402196,412161,437711,403082,324304,397284,395940,351287,243699,197424,162043,373812,303462,396819,368007,397013,307062,331828,412459,375873,389368,346077,345752,371360,366391,323818,260944,260360,281601,291089,238112,192545,177653,278233,312325,209905,319621,205898,211470,304003,190379,263619,240522,210288,228633,213931,243312,227449,240055,242049,274624,213211,355134,284545,401723,337631,308726,293939,288855,350796,303908,316127,358535,302192,323940,369326,284688,307534,383861,334917,260604,336418,275683,260294,405694,382101,244745,255304,270344,226445,289480,292810,259582,273984,225476,258584,243062,292199,426031,407589,437396,402241,435683
